2+3 # 5
2+
  3 # 5
x <- 2; y <- 3
x # 2
y # 3
x+y # 5
u <- x^2
v <- y^2

